tweet_id,favorites,retweet_count
892420643555336193,35382,7472
892177421306343426,30625,5547
891815181378084864,23041,3671
891689557279858688,38673,7647
891327558926688256,36956,8247
891087950875897856,18629,2759
890971913173991426,10822,1792
890729181411237888,59619,16717
890609185150312448,25639,3814
890240255349198849,29248,6487
890006608113172480,28200,6498
889880896479866881,25659,4414
889665388333682689,44063,8858
889638837579907072,24789,3966
889531135344209921,13944,1998
889278841981685760,23147,4716
888917238123831296,26752,3976
888804989199671297,23479,3746
888554962724278272,18103,3063
888078434458587136,20005,3073
887705289381826560,27814,4783
887517139158093824,42611,10430
887473957103951883,63054,15925
887343217045368832,30936,9331
887101392804085760,28143,5280
886983233522544640,31965,6776
886736880519319552,10979,2823
886680336477933568,20664,3967
886366144734445568,19405,2805
886267009285017600,110,4
886258384151887873,25686,5605
886054160059072513,0,96
885984800019947520,29929,5950
885528943205470208,33016,5665
885518971528720385,18809,3306
885311592912609280,0,16388
885167619883638784,20080,3869
884925521741709313,70664,15983
884876753390489601,25531,4946
884562892145688576,22329,4164
884441805382717440,24901,5053
884247878851493888,66560,17978
884162670584377345,18754,2652
883838122936631299,20068,3028
883482846933004288,42087,8750
883360690899218434,20841,3266
883117836046086144,34045,5881
882992080364220416,21940,3436
882762694511734784,25947,4326
882627270321602560,25729,5377
882268110199369728,41152,10277
882045870035918850,26925,4313
881906580714921986,22393,3017
881666595344535552,46540,9461
881633300179243008,116,7
881536004380872706,45444,14192
881268444196462592,21408,4699
880935762899988482,15723,2483
880872448815771648,19568,3395
880465832366813184,26152,5513
880221127280381952,24750,3686
880095782870896641,25398,3862
879862464715927552,20578,3089
879674319642796034,292,10
879492040517615616,21595,2817
879415818425184262,97194,39620
879376492567855104,15489,2777
879130579576475649,0,6048
879050749262655488,20734,4173
879008229531029506,17496,2378
878776093423087618,17831,3635
878604707211726852,27656,6276
878404777348136964,0,1131
878316110768087041,0,5896
878281511006478336,7107,1131
878057613040115712,38762,6048
877736472329191424,72798,16813
877611172832227328,0,71
877556246731214848,20898,3391
877316821321428993,25246,4632
877201837425926144,24960,4948
876838120628539392,19058,2965
876537666061221889,21874,4185
876484053909872640,17309,2105
876120275196170240,25808,4150
875747767867523072,23138,3805
875144289856114688,20236,4378
875097192612077568,25326,5427
875021211251597312,23539,4201
874680097055178752,25669,4137
874434818259525634,0,12959
874296783580663808,24027,3683
874057562936811520,20976,3557
874012996292530176,31556,9113
873580283840344065,22364,3524
873337748698140672,0,1412
873213775632977920,6611,1412
872967104147763200,25173,4844
872820683541237760,13626,3332
872620804844003328,19165,3259
872486979161796608,37714,8124
872122724285648897,31664,7262
871879754684805121,34733,9799
871762521631449091,18708,3131
871515927908634625,18704,3123
871166179821445120,0,5131
871102520638267392,19376,4959
871032628920680449,21078,3431
870804317367881728,31214,5570
870726314365509632,113,3
870656317836468226,11414,2351
870374049280663552,77094,23968
870308999962521604,20363,3744
870063196459192321,33883,7496
869772420881756160,39576,9157
869702957897576449,26209,5682
869596645499047938,14820,2807
869227993411051520,18975,3402
868880397819494401,60738,13036
868639477480148993,0,1872
868622495443632128,24752,4779
868552278524837888,9369,1872
867900495410671616,22550,3795
867774946302451713,31640,6649
867421006826221569,14984,2264
867072653475098625,0,108
867051520902168576,30003,7166
866720684873056260,18651,4354
866686824827068416,17943,3149
866450705531457537,113951,32068
866334964761202691,48793,12959
866094527597207552,0,7622
865718153858494464,23990,5124
865359393868664832,24697,4555
865006731092295680,26188,7044
864873206498414592,30143,7930
864279568663928832,13645,2745
864197398364647424,27994,8051
863907417377173506,19282,3789
863553081350529029,14286,3834
863471782782697472,0,2216
863432100342583297,22256,4791
863427515083354112,2058,87
863079547188785154,8215,1015
863062471531167744,7900,2216
862831371563274240,17969,4715
862722525377298433,16033,3249
862457590147678208,19125,4504
862096992088072192,69485,21233
861383897657036800,33855,9828
861288531465048066,16107,3803
861005113778896900,15664,3512
860981674716409858,0,1970
860924035999428608,0,728
860563773140209665,7045,1970
860524505164394496,22242,4876
860276583193509888,17306,3248
860184849394610176,15686,5397
860177593139703809,0,28499
859924526012018688,18466,3797
859851578198683649,14551,3258
859607811541651456,17556,1432
859196978902773760,84611,27840
859074603037188101,31865,12625
858860390427611136,0,7512
858843525470990336,14737,3216
858471635011153920,20350,4510
858107933456039936,14882,2683
857989990357356544,15189,2404
857746408056729600,32369,9889
857393404942143489,5569,1527
857263160327368704,19019,4214
857214891891077121,213,17
857062103051644929,0,155
857029823797047296,17860,3702
856543823941562368,15527,2688
856526610513747968,11269,1756
856330835276025856,0,624
856288084350160898,490,15
856282028240666624,26350,5873
855862651834028034,316,22
855860136149123072,4647,910
855857698524602368,11303,1970
855851453814013952,43623,16940
855818117272018944,25400,5089
855459453768019968,28364,7710
855245323840757760,0,5579
855138241867124737,0,41
854732716440526848,21693,5693
854482394044301312,27877,6423
854365224396361728,18034,4417
854120357044912130,30569,7017
854010172552949760,15532,2971
853760880890318849,27340,5437
853639147608842240,33136,9430
853299958564483072,14846,3358
852936405516943360,0,1876
852912242202992640,8635,1704
852672615818899456,14311,2044
852553447878664193,15611,3284
852311364735569921,31808,9423
852226086759018497,19210,6503
852189679701164033,11025,1509
851861385021730816,0,19
851591660324737024,15666,3293
851464819735769094,23326,6717
851224888060895234,19924,5469
850753642995093505,29610,8634
850380195714523136,12639,2476
850333567704068097,3332,311
850145622816686080,15742,3611
850019790995546112,19687,4641
849776966551130114,29302,7225
849668094696017920,0,4733
849412302885593088,15330,3001
849336543269576704,11027,1804
849051919805034497,40880,8078
848690551926992896,24352,4143
848324959059550208,23907,4425
848213670039564288,7897,688
848212111729840128,15783,2889
847978865427394560,0,3123
847971574464610304,0,420
847962785489326080,22776,4855
847842811428974592,5242,1263
847617282490613760,6764,393
847606175596138505,18185,3281
847251039262605312,19862,4141
847157206088847362,19251,5612
847116187444137987,20808,3052
846874817362120707,19455,3761
846514051647705089,43215,11065
846505985330044928,13688,2941
846153765933735936,30595,8665
846139713627017216,30131,9670
846042936437604353,15506,2747
845812042753855489,28350,8334
845677943972139009,24476,4622
845397057150107648,7395,1717
845306882940190720,22661,5173
845098359547420673,0,7368
844979544864018432,13260,2446
844973813909606400,14620,3050
844580511645339650,16012,2993
844223788422217728,13302,2099
843981021012017153,14779,2846
843856843873095681,20880,4441
843604394117681152,16444,2635
843235543001513987,20941,5789
842846295480000512,14896,3501
842765311967449089,6551,1218
842535590457499648,17670,3388
842163532590374912,23821,5579
842115215311396866,13619,2913
841833993020538882,0,14498
841680585030541313,25154,7567
841439858740625411,12325,3549
841320156043304961,19330,5327
841314665196081154,15466,4488
841077006473256960,22315,5131
840761248237133825,0,1706
840728873075638272,0,15512
840698636975636481,172,2
840696689258311684,11991,942
840632337062862849,8785,1706
840370681858686976,16067,4410
840268004936019968,18812,5548
839990271299457024,13143,2202
839549326359670784,26844,7512
839290600511926273,0,139
839239871831150596,26508,6321
838952994649550848,19236,3874
838921590096166913,10885,1982
838916489579200512,0,33
838831947270979586,0,10684
838561493054533637,10743,1290
838476387338051585,21999,4619
838201503651401729,0,9740
838150277551247360,1633,323
838085839343206401,138,1
838083903487373313,17279,3027
837820167694528512,33359,7622
837482249356513284,3785,431
837471256429613056,12541,2200
837110210464448512,15727,2301
836989968035819520,12505,2242
836753516572119041,18979,4519
836677758902222849,12396,2170
836648853927522308,0,537
836397794269200385,0,26749
836380477523124226,14495,2908
836260088725786625,20915,4197
836001077879255040,18723,4150
835685285446955009,0,7922
835574547218894849,17471,3522
835536468978302976,0,1646
835309094223372289,0,20391
835297930240217089,16181,2920
835264098648616962,7583,1646
835246439529840640,2060,71
835172783151792128,25713,5618
835152434251116546,21958,2918
834931633769889797,10603,1586
834786237630337024,21046,5379
834574053763584002,13403,2457
834477809192075265,0,10378
834458053273591808,9465,1637
834209720923721728,20184,4629
834167344700198914,15554,3575
834089966724603904,9864,2082
834086379323871233,12842,2151
833863086058651648,13213,2350
833826103416520705,17788,3684
833732339549220864,0,217
833722901757046785,20497,3152
833479644947025920,14629,1994
833124694597443584,19865,4733
832998151111966721,13031,2139
832769181346996225,0,38
832757312314028032,16602,3529
832682457690300417,11677,2845
832645525019123713,2884,521
832636094638288896,15606,2721
832397543355072512,11786,2158
832369877331693569,16890,3123
832273440279240704,11153,2279
832215909146226688,0,6068
832215726631055365,0,9115
832088576586297345,62,2
832040443403784192,0,9377
832032802820481025,17583,4560
831939777352105988,23597,5995
831926988323639298,330,34
831911600680497154,27154,6352
831670449226514432,10258,1772
831650051525054464,7007,1876
831552930092285952,8838,2269
831322785565769729,9140,1521
831315979191906304,6443,1102
831309418084069378,11593,2411
831262627380748289,11723,1994
830956169170665475,7873,1462
830583320585068544,65765,16388
830173239259324417,0,5558
830097400375152640,9636,2868
829878982036299777,0,4898
829861396166877184,12070,1896
829501995190984704,31266,10378
829449946868879360,10316,1963
829141528400556032,24040,7175
829011960981237760,52495,15993
828801551087042563,0,3355
828770345708580865,25238,5730
828708714936930305,35991,10953
828650029636317184,9379,1309
828409743546925057,6266,1141
828408677031882754,7583,1260
828381636999917570,12426,2176
828376505180889089,7285,1046
828372645993398273,12413,2874
828361771580813312,2155,171
828046555563323392,11594,2813
828011680017821696,10228,2112
827933404142436356,19814,5138
827653905312006145,15306,2964
827600520311402496,7375,924
827324948884643840,15627,2977
827199976799354881,10450,2184
826958653328592898,21297,4898
826848821049180160,35829,9959
826615380357632002,0,3912
826598799820865537,5067,245
826598365270007810,9907,2304
826476773533745153,18169,4110
826240494070030336,13122,2564
826204788643753985,4818,907
826115272272650244,15447,3044
825876512159186944,10357,1831
825829644528148480,12598,2445
825535076884762624,56233,17277
825147591692263424,18079,4460
825120256414846976,0,1229
825026590719483904,6209,1229
824796380199809024,0,5414
824775126675836928,14739,3449
824663926340194305,10413,1742
824325613288833024,11693,10391
824297048279236611,14897,3794
824025158776213504,4770,589
823939628516474880,10507,2659
823719002937630720,0,10992
823699002998870016,13826,2479
823581115634085888,12886,2587
823333489516937216,693,22
823322678127919110,15565,3952
823269594223824897,0,9727
822975315408461824,17154,3388
822872901745569793,130114,42494
822859134160621569,13117,2234
822647212903690241,0,6311
822610361945911296,14662,2909
822489057087389700,17953,6311
822462944365645825,27658,14028
822244816520155136,34610,9727
822163064745328640,0,4682
821886076407029760,11210,2269
821813639212650496,0,3330
821765923262631936,8324,1631
821522889702862852,7965,1727
821421320206483457,0,5491
821407182352777218,11637,4272
821153421864615936,254,10
821149554670182400,8545,1941
821107785811234820,9515,2104
821044531881721856,12553,2240
820837357901512704,0,6634
820749716845686786,31258,9740
820690176645140481,12111,3186
820494788566847489,0,555
820446719150292993,0,2537
820314633777061888,3314,555
820078625395449857,19624,6196
820013781606658049,0,1160
819952236453363712,5279,1160
819924195358416896,12812,4817
819711362133872643,13261,3072
819588359383371776,9574,1970
819347104292290561,7165,1186
819238181065359361,2242,403
819227688460238848,22888,6634
819015337530290176,0,36483
819015331746349057,0,18784
819006400881917954,44981,18784
819004803107983360,86324,36483
818646164899774465,0,20715
818627210458333184,22238,7458
818614493328580609,9762,2520
818588835076603904,0,6043
818536468981415936,10792,2414
818307523543449600,0,7967
818259473185828864,10922,2226
818145370475810820,12163,2532
817908911860748288,4810,791
817827839487737858,51199,26749
817777686764523521,10674,2650
817536400337801217,11681,2924
817502432452313088,0,3353
817423860136083457,33519,14498
817415592588222464,5557,935
817181837579653120,0,8376
817171292965273600,8697,1999
817120970343411712,12139,2570
817056546584727552,8524,1625
816829038950027264,0,4670
816816676327063552,9934,2018
816697700272001025,9701,2156
816450570814898180,30214,7967
816336735214911488,8551,1929
816091915477250048,8866,2109
816062466425819140,0,1005
816014286006976512,0,5209
815990720817401858,4909,1005
815966073409433600,22246,8376
815745968457060357,0,4089
815736392542261248,9784,2239
815639385530101762,8171,1635
815390420867969024,10302,3781
814986499976527872,7609,1264
814638523311648768,11190,2669
814578408554463233,0,5782
814530161257443328,8592,1841
814153002265309185,28602,8584
813944609378369540,0,3155
813910438903693312,9256,1846
813812741911748608,36249,13850
813800681631023104,8273,1741
813217897535406080,18550,7241
813202720496779264,9193,1803
813187593374461952,19753,4318
813172488309972993,9219,1905
813157409116065792,7737,2191
813142292504645637,8446,2365
813130366689148928,4466,445
813127251579564032,11766,3104
813112105746448384,10258,2719
813096984823349248,10525,3606
813081950185472002,9854,2765
813066809284972545,7907,1938
813051746834595840,20889,7313
812781120811126785,7522,1890
812709060537683968,6585,1427
812503143955202048,6036,1205
812466873996607488,7937,1922
812372279581671427,13592,3637
811985624773361665,7244,1390
811744202451197953,7512,1577
811647686436880384,5584,735
811627233043480576,12720,3057
811386762094317568,20841,6337
810984652412424192,5305,1429
810896069567610880,8970,1752
810657578271330305,10921,2623
810284430598270976,35065,11159
810254108431155201,14632,3355
809920764300447744,15508,3912
809808892968534016,0,4859
809448704142938112,6917,1460
809220051211603969,19835,5558
809084759137812480,13186,3512
808838249661788160,10088,3016
808733504066486276,7873,2152
808501579447930884,11276,2589
808344865868283904,42385,20715
808134635716833280,0,5875
808106460588765185,8785,2201
808001312164028416,12501,3518
807621403335917568,14534,3592
807106840509214720,117750,55023
807059379405148160,0,7295
807010152071229440,13047,3850
806629075125202948,74367,34406
806620845233815552,0,5500
806576416489959424,4878,1950
806542213899489280,10192,2349
806242860592926720,0,11558
806219024703037440,6430,1186
805958939288408065,0,5335
805932879469572096,8258,1917
805826884734976000,6537,1807
805823200554876929,0,7967
805520635690676224,5734,1649
805487436403003392,8770,2514
805207613751304193,7828,1708
804738756058218496,13666,3802
804475857670639616,6120,2002
804413760345620481,0,3217
804026241225523202,44301,16009
803773340896923648,10031,2726
803692223237865472,0,7398
803638050916102144,10917,4128
803380650405482500,7742,1868
803321560782307329,0,5298
803276597545603072,10001,2441
802952499103731712,8987,1988
802624713319034886,0,2900
802600418706604034,7085,1454
802572683846291456,8921,2488
802323869084381190,16136,5799
802265048156610565,6913,1369
802239329049477120,9065,2611
802185808107208704,0,273
801958328846974976,7730,1716
801854953262350336,1790,235
801538201127157760,8207,2052
801285448605831168,6033,815
801167903437357056,24398,5875
801127390143516673,0,3935
801115127852503040,8048,2097
800859414831898624,688,97
800855607700029440,0,1607
800751577355128832,10553,2780
800513324630806528,13098,2976
800459316964663297,9483,2167
800443802682937345,0,4301
800388270626521089,11130,2790
800188575492947969,0,3923
800141422401830912,15240,2537
800018252395122689,28287,13075
799774291445383169,0,4660
799757965289017345,8367,2157
799422933579902976,8051,1920
799308762079035393,0,5433
799297110730567681,9843,2741
799063482566066176,8052,2467
798933969379225600,13038,4427
798925684722855936,7497,1435
798705661114773508,0,6611
798701998996647937,0,7741
798697898615730177,0,6491
798694562394996736,0,4927
798686750113755136,0,2329
798682547630837760,0,4720
798673117451325440,0,5534
798665375516884993,0,3885
798644042770751489,0,1844
798628517273620480,0,1967
798585098161549313,0,5659
798576900688019456,0,5813
798340744599797760,0,3310
798209839306514432,10396,2546
797971864723324932,11552,3097
797545162159308800,14529,4852
797236660651966464,19903,6535
797165961484890113,225,26
796904159865868288,0,8878
796865951799083009,7665,1910
796759840936919040,11785,3013
796563435802726400,0,7211
796484825502875648,7558,1746
796387464403357696,10966,4113
796177847564038144,0,14194
796149749086875649,32145,14194
796125600683540480,4955,1801
796116448414461957,9072,2407
796080075804475393,8439,2294
796031486298386433,10770,3701
795464331001561088,49414,23438
795400264262053889,10006,2848
795076730285391872,16149,5414
794983741416415232,0,3353
794926597468000259,10206,2302
794355576146903043,0,10214
794332329137291264,9575,2669
794205286408003585,9209,3302
793962221541933056,16782,4859
793845145112371200,9189,1846
793614319594401792,0,3112
793601777308463104,7952,1607
793500921481273345,10642,2360
793286476301799424,24533,9115
793271401113350145,8676,2378
793256262322548741,19936,8290
793241302385262592,10485,3276
793226087023144960,9790,2868
793210959003287553,8905,2780
793195938047070209,15220,5598
793180763617361921,6920,1987
793165685325201412,9354,2763
793150605191548928,6153,1690
793135492858580992,6386,2484
793120401413079041,12610,3899
792913359805018113,14280,3950
792883833364439040,11268,4247
792773781206999040,7339,1663
792394556390137856,13374,4273
792050063153438720,7127,1782
791821351946420224,0,20970
791784077045166082,0,9511
791780927877898241,0,3799
791774931465953280,44965,22060
791672322847637504,11714,3112
791406955684368384,13115,4089
791312159183634433,8739,2517
791026214425268224,0,4067
790987426131050500,9788,2122
790946055508652032,16611,4670
790723298204217344,0,2295
790698755171364864,8188,1913
790581949425475584,20598,7088
790337589677002753,7793,1869
790277117346975746,12521,3155
790227638568808452,0,3545
789986466051088384,9219,2295
789960241177853952,0,4087
789903600034189313,10302,4107
789628658055020548,7457,1752
789599242079838210,6721,1912
789530877013393408,11693,3353
789314372632018944,8616,2281
789280767834746880,0,4893
789268448748703744,9086,2592
789137962068021249,9691,2774
788908386943430656,27353,12411
788765914992902144,27226,10214
788552643979468800,0,7116
788412144018661376,15484,5228
788178268662984705,7199,2083
788150585577050112,6100,1266
788070120937619456,0,3412
788039637453406209,6098,1299
787810552592695296,8576,3025
787717603741622272,10232,2757
787397959788929025,10838,2831
787322443945877504,7740,1729
787111942498508800,0,6696
786963064373534720,26541,7921
786729988674449408,0,2410
786709082849828864,18161,6068
786664955043049472,10545,2521
786595970293370880,9416,3107
786363235746385920,10836,3467
786286427768250368,7936,2807
786233965241827333,15158,4682
786051337297522688,1420,154
786036967502913536,0,6948
785927819176054784,11327,3154
785872687017132033,6665,1789
785639753186217984,7822,2217
785533386513321988,9055,1976
785515384317313025,6089,1242
785264754247995392,7225,1605
785170936622350336,11954,4779
784826020293709826,10054,3217
784517518371221505,8921,2502
784431430411685888,5689,1260
784183165795655680,19937,7967
784057939640352768,29590,10992
783839966405230592,29819,10684
783821107061198850,7316,1948
783695101801398276,10420,3177
783466772167098368,8402,2218
783391753726550016,16780,5403
783347506784731136,0,5481
783334639985389568,28942,11558
783085703974514689,8108,2173
782969140009107456,23987,7295
782747134529531904,7423,1396
782722598790725632,17155,5335
782598640137187329,7740,1857
782305867769217024,16545,5491
782021823840026624,0,6129
781955203444699136,11058,3329
781661882474196992,10361,2688
781655249211752448,3964,1121
781524693396357120,20625,5500
781308096455073793,7097,2529
781251288990355457,8369,2057
781163403222056960,9737,2721
780931614150983680,21468,7211
780858289093574656,7132,1981
780800785462489090,5439,1282
780601303617732608,12008,3330
780543529827336192,6251,1730
780496263422808064,0,3635
780476555013349377,0,109
780459368902959104,5256,1064
780192070812196864,8633,2208
780092040432480260,0,2270
780074436359819264,12061,4891
779834332596887552,18717,6948
779377524342161408,8709,3075
779124354206535695,0,18042
779056095788752897,14631,4471
778990705243029504,19762,7095
778774459159379968,0,9757
778764940568104960,860,360
778748913645780993,6825,1288
778650543019483137,5710,1475
778624900596654080,4593,999
778408200802557953,13499,4265
778396591732486144,0,12053
778383385161035776,5766,1087
778286810187399168,10275,3250
778039087836069888,8419,2603
778027034220126208,6494,1585
777953400541634568,0,3479
777885040357281792,6296,1604
777684233540206592,11129,2900
777641927919427584,0,4171
777621514455814149,8643,2473
777189768882946048,14127,4252
776819012571455488,0,13482
776813020089548800,4831,1189
776477788987613185,8728,2729
776249906839351296,0,8978
776218204058357768,29574,15605
776201521193218049,9511,2483
776113305656188928,11638,4301
776088319444877312,1819,147
775898661951791106,0,16526
775842724423557120,11585,2617
775733305207554048,13743,3935
775729183532220416,12859,4538
775364825476165632,7312,2915
775350846108426240,10060,3848
775085132600442880,15380,4660
774757898236878852,8512,1760
774639387460112384,6649,1698
774314403806253056,21532,5433
773985732834758656,10612,3799
773922284943896577,6323,1722
773704687002451968,6515,1602
773670353721753600,5296,1289
773547596996571136,21873,6043
773336787167145985,0,4989
773308824254029826,23019,7368
773247561583001600,9347,3212
773191612633579521,9869,4058
772877495989305348,8457,3808
772826264096874500,7952,2318
772615324260794368,0,3330
772581559778025472,6405,1674
772193107915964416,5956,1363
772152991789019136,3765,1115
772117678702071809,3727,727
772114945936949249,2695,461
772102971039580160,3951,926
771908950375665664,6499,1864
771770456517009408,11855,3310
771500966810099713,8166,2566
771380798096281600,10347,4989
771171053431250945,0,7324
771136648247640064,9033,2878
771102124360998913,6156,1416
771014301343748096,6795,1625
770787852854652928,4869,1185
770772759874076672,5112,1397
770655142660169732,7247,1742
770414278348247044,6254,2060
770293558247038976,6149,1441
770093767776997377,0,2995
770069151037685760,7503,2260
769940425801170949,30878,9377
769695466921623552,6346,1654
769335591808995329,0,7607
769212283578875904,5323,1681
768970937022709760,14154,6395
768909767477751808,0,2618
768855141948723200,4128,869
768609597686943744,4065,1172
768596291618299904,4978,1257
768554158521745409,0,5725
768473857036525572,13442,3345
768193404517830656,10716,3479
767884188863397888,4684,1358
767754930266464257,15795,5298
767500508068192258,7408,2303
767191397493538821,12143,3696
767122157629476866,10051,2808
766864461642756096,0,5528
766793450729734144,4981,1334
766714921925144576,2586,371
766693177336135680,3957,780
766423258543644672,5912,1547
766313316352462849,6692,1856
766078092750233600,0,2568
766069199026450432,4162,836
766008592277377025,3693,489
765719909049503744,7127,2120
765669560888528897,5120,1210
765395769549590528,26293,3337
765371061932261376,6972,2135
765222098633691136,11465,3330
764857477905154048,6362,1750
764259802650378240,5929,1475
763956972077010945,751,54
763837565564780549,12378,4067
763183847194451968,5302,1442
763167063695355904,0,2945
763103485927849985,7267,2265
762699858130116608,11952,3545
762471784394268675,11046,6283
762464539388485633,10148,4087
762316489655476224,4728,1093
762035686371364864,31353,15242
761976711479193600,5320,1965
761750502866649088,0,3832
761745352076779520,4212,846
761672994376806400,48699,28499
761599872357261312,4067,1169
761371037149827077,0,17709
761334018830917632,5115,1426
761292947749015552,4413,1065
761227390836215808,5246,1531
761004547850530816,11156,3412
760893934457552897,3753,950
760656994973933572,6482,1871
760641137271070720,4901,1271
760539183865880579,7443,3549
760521673607086080,4144,1367
760290219849637889,26377,11245
760252756032651264,3892,853
760190180481531904,5594,1756
760153949710192640,0,30
759943073749200896,5859,2035
759923798737051648,14464,5528
759846353224826880,6630,1927
759793422261743616,5855,1868
759557299618865152,4610,1167
759447681597108224,8345,2410
759446261539934208,1643,475
759197388317847553,5985,1909
759159934323924993,0,1131
759099523532779520,14272,4067
759047813560868866,6382,1965
758854675097526272,3494,879
758828659922702336,11023,3768
758740312047005698,5645,1582
758474966123810816,3734,982
758467244762497024,4715,2172
758405701903519748,5123,1871
758355060040593408,3333,1037
758099635764359168,18715,9757
758041019896193024,2648,364
757741869644341248,6761,3183
757729163776290825,0,7725
757725642876129280,4464,1186
757611664640446465,4483,1082
757597904299253760,0,294
757596066325864448,4258,1033
757400162377592832,14869,6693
757393109802180609,5709,1695
757354760399941633,4442,1387
756998049151549440,6174,1943
756939218950160384,6520,1958
756651752796094464,4956,1266
756526248105566208,10226,3499
756303284449767430,3863,1085
756288534030475264,43247,17294
756275833623502848,6291,1503
755955933503782912,7172,2816
755206590534418437,16153,5233
755110668769038337,20815,10858
754874841593970688,0,7716
754856583969079297,6779,2457
754747087846248448,2539,507
754482103782404096,5192,1909
754449512966619136,3675,720
754120377874386944,7751,2302
753655901052166144,5740,2128
753420520834629632,7738,3468
753398408988139520,5644,1860
753375668877008896,7498,2270
753298634498793472,0,5554
753294487569522689,3300,1015
753039830821511168,36413,20391
753026973505581056,3853,937
752932432744185856,12378,6696
752917284578922496,6809,1536
752701944171524096,0,2788
752682090207055872,5900,1557
752660715232722944,4297,1519
752568224206688256,5387,2223
752519690950500352,7237,3370
752334515931054080,3748,1068
752309394570878976,0,15827
752173152931807232,5841,1787
751950017322246144,3006,892
751937170840121344,5083,1286
751830394383790080,5700,1897
751793661361422336,5699,2833
751598357617971201,7786,2973
751583847268179968,4306,1072
751538714308972544,4943,1230
751456908746354688,3156,978
751251247299190784,12274,5738
751205363882532864,6198,1766
751132876104687617,4962,1272
750868782890057730,4678,1326
750719632563142656,12913,4893
750506206503038976,4362,1120
750429297815552001,12910,4171
750383411068534784,4467,1121
750381685133418496,682,27
750147208377409536,3038,937
750132105863102464,3538,1260
750117059602808832,4250,1277
750101899009982464,2981,823
750086836815486976,2128,520
750071704093859840,7675,3235
750056684286914561,3102,878
750041628174217216,3105,596
750026558547456000,2664,767
750011400160841729,3173,884
749996283729883136,2995,800
749981277374128128,5011,2407
749774190421639168,4580,1291
749417653287129088,5974,1604
749403093750648834,2562,517
749395845976588288,8378,3349
749317047558017024,5384,2182
749075273010798592,5635,2025
749064354620928000,4703,1494
749036806121881602,3032,769
748977405889503236,10559,3302
748932637671223296,5680,2189
748705597323898880,2720,926
748699167502000129,4650,1545
748692773788876800,4165,1299
748575535303884801,5940,1933
748568946752774144,2164,654
748346686624440324,5108,1204
748337862848962560,7457,4000
748324050481647620,3613,734
748307329658011649,3608,694
748220828303695873,13841,7575
747963614829678593,5659,2085
747933425676525569,6473,2480
747885874273214464,2872,941
747844099428986880,2759,727
747816857231626240,4740,1130
747651430853525504,1349,151
747648653817413632,12604,5689
747600769478692864,2283,544
747594051852075008,3594,1026
747512671126323200,5398,1571
747461612269887489,3787,1018
747439450712596480,5296,1862
747242308580548608,0,2831
747219827526344708,5133,1523
747204161125646336,3293,888
747103485104099331,9337,3849
746906459439529985,2843,289
746872823977771008,5853,2075
746818907684614144,5208,1696
746790600704425984,4762,1557
746757706116112384,9353,3799
746726898085036033,5917,1746
746542875601690625,4922,1836
746521445350707200,0,957
746507379341139972,4556,1057
746369468511756288,6045,1591
746131877086527488,6747,2127
746056683365994496,3491,790
745789745784041472,3929,1034
745712589599014916,6840,2260
745433870967832576,6911,2474
745422732645535745,8379,2354
745314880350101504,6991,2677
745074613265149952,7647,3377
745057283344719872,7082,2180
744995568523612160,2904,596
744971049620602880,7692,2613
744709971296780288,5469,1515
744334592493166593,6619,2048
744234799360020481,152489,75465
744223424764059648,1621,351
743980027717509120,4074,1064
743895849529389061,3573,937
743835915802583040,0,2005
743609206067040256,4364,1345
743595368194129920,17881,6333
743545585370791937,3446,915
743510151680958465,7729,3621
743253157753532416,4126,1189
743222593470234624,6048,1855
743210557239623680,3753,1327
742534281772302336,6897,3465
742528092657332225,4305,1906
742465774154047488,7087,3799
742423170473463808,9580,3635
742385895052087300,6635,1907
742161199639494656,4211,1327
742150209887731712,4978,1501
741793263812808706,4426,1465
741743634094141440,7972,2660
741438259667034112,3592,792
741303864243200000,8558,3108
741099773336379392,9732,5341
741067306818797568,9292,2995
740995100998766593,6184,2638
740711788199743490,3320,910
740699697422163968,2774,753
740676976021798912,17700,6611
740373189193256964,34134,12920
740365076218183684,2395,419
740359016048689152,3210,837
740214038584557568,6524,1904
739979191639244800,19435,5725
739932936087216128,3954,1048
739844404073074688,3707,833
739623569819336705,3665,1318
739606147276148736,5258,1598
739544079319588864,38446,20524
739485634323156992,6959,2834
739238157791694849,112753,56172
738891149612572673,104,6
738885046782832640,3672,1106
738883359779196928,3218,764
738537504001953792,4949,1480
738402415918125056,3175,800
738184450748633089,4216,1174
738166403467907072,8521,3234
738156290900254721,2437,620
737826014890496000,5119,1709
737800304142471168,9723,3348
737678689543020544,4893,1272
737445876994609152,9965,4303
737322739594330112,3500,783
737310737551491075,14248,7181
736736130620620800,4122,1665
736392552031657984,17198,7116
736365877722001409,3861,1195
736225175608430592,7874,2696
736010884653420544,7663,2877
735991953473572864,3492,1105
735648611367784448,3931,1069
735635087207878657,5990,2269
735274964362878976,12649,4848
735256018284875776,3235,848
735137028879360001,3045,940
734912297295085568,2676,511
734787690684657664,12173,6092
734776360183431168,2430,517
734559631394082816,1447,383
733828123016450049,3479,752
733822306246479872,3564,990
733482008106668032,3039,913
733460102733135873,4058,1233
733109485275860992,51897,16526
732732193018155009,2365,517
732726085725589504,3456,863
732585889486888962,3559,755
732375214819057664,7842,2424
732005617171337216,14442,5209
731285275100512256,3397,965
731156023742988288,3730,1225
730924654643314689,5973,1912
730573383004487680,4741,2069
730427201120833536,3385,1009
730211855403241472,3709,1027
730196704625098752,4698,1822
729854734790754305,3917,1081
729838605770891264,1681,367
729823566028484608,3856,1205
729463711119904772,5615,2236
729113531270991872,1825,308
728986383096946689,3058,789
728760639972315136,4529,1641
728751179681943552,2682,651
728653952833728512,3216,1002
728409960103686147,4758,1922
728387165835677696,3597,928
728046963732717569,4162,1162
728035342121635841,4414,1618
728015554473250816,4003,1066
727685679342333952,2874,616
727644517743104000,5698,1686
727524757080539137,4343,1178
727314416056803329,3238,715
727286334147182592,2964,789
727175381690781696,3798,1340
727155742655025152,3522,1278
726935089318363137,6663,2347
726887082820554753,3715,1465
726828223124897792,3460,972
726224900189511680,4288,1102
725842289046749185,6873,2568
725786712245440512,4056,1329
725729321944506368,5061,1715
725458796924002305,1377,594
724983749226668032,3628,1261
724771698126512129,2274,610
724405726123311104,5129,1599
724049859469295616,4213,1717
724046343203856385,2581,539
724004602748780546,4073,1488
723912936180330496,3771,1186
723688335806480385,7446,2829
723673163800948736,2931,856
723179728551723008,5140,1786
722974582966214656,3974,1515
722613351520608256,4833,1578
721503162398597120,4481,1762
721001180231503872,2458,589
720785406564900865,3019,739
720775346191278080,2394,639
720415127506415616,4010,1448
720389942216527872,6177,2412
720340705894408192,2777,943
720059472081784833,3744,1081
720043174954147842,4778,1937
719991154352222208,4688,1680
719704490224398336,4405,1376
719551379208073216,4911,1824
719367763014393856,2711,718
719339463458033665,4303,1188
719332531645071360,3331,915
718971898235854848,3372,1041
718939241951195136,5094,1691
718631497683582976,18313,7741
718613305783398402,2360,463
718540630683709445,2373,975
718460005985447936,2617,507
718454725339934721,4717,1461
718246886998687744,1850,479
718234618122661888,3752,956
717841801130979328,2380,580
717790033953034240,2784,1065
717537687239008257,5601,1779
717428917016076293,1570,431
717421804990701568,3061,811
717047459982213120,6095,1858
717009362452090881,3139,927
716802964044845056,4155,1132
716791146589110272,7953,1520
716730379797970944,1198,414
716447146686459905,12658,5648
716439118184652801,2317,202
716285507865542656,2688,1012
716080869887381504,6572,1837
715928423106027520,3094,850
715758151270801409,3604,1379
715733265223708672,4532,1632
715704790270025728,2693,551
715696743237730304,3792,1252
715680795826982913,4162,1555
715360349751484417,5306,1510
715342466308784130,2958,666
715220193576927233,2352,625
715200624753819648,4988,1803
715009755312439296,4017,1181
714982300363173890,3608,1000
714962719905021952,7125,4104
714957620017307648,4020,1363
714631576617938945,3182,958
714606013974974464,3523,892
714485234495041536,2585,1086
714258258790387713,2945,703
714251586676113411,3177,807
714214115368108032,2210,840
714141408463036416,4193,1352
713919462244790272,3200,765
713909862279876608,1840,520
713900603437621249,2754,707
713761197720473600,4706,1316
713411074226274305,4290,1258
713177543487135744,7002,2757
713175907180089344,4323,1426
712809025985978368,18483,6491
712717840512598017,11941,4786
712668654853337088,4056,1174
712438159032893441,5163,1513
712309440758808576,231,25
712097430750289920,3659,998
712092745624633345,2852,856
712085617388212225,3178,470
712065007010385924,2188,601
711998809858043904,0,123
711968124745228288,7801,2228
711743778164514816,2757,960
711732680602345472,8560,3946
711694788429553666,31883,17709
711652651650457602,3731,883
711363825979756544,3522,1091
711306686208872448,3203,712
711008018775851008,2908,589
710997087345876993,4440,1336
710844581445812225,2471,657
710833117892898816,2609,512
710658690886586372,2245,543
710609963652087808,4660,2294
710588934686908417,4395,1797
710296729921429505,2316,715
710283270106132480,2091,503
710272297844797440,4400,1207
710269109699739648,2326,1078
710153181850935296,2826,864
710140971284037632,2674,851
710117014656950272,5304,1906
709918798883774466,3399,1053
709901256215666688,645,99
709852847387627521,3414,1160
709566166965075968,3454,1157
709556954897764353,3193,1034
709519240576036864,1454,228
709449600415961088,2148,550
709409458133323776,2537,655
709225125749587968,2350,553
709207347839836162,12120,5573
709198395643068416,2379,619
709179584944730112,1950,648
709158332880297985,1977,401
709042156699303936,4592,1574
708853462201716736,1759,640
708845821941387268,2896,866
708834316713893888,1639,485
708810915978854401,15996,6690
708738143638450176,2679,784
708711088997666817,2458,693
708479650088034305,2473,657
708469915515297792,3018,787
708400866336894977,15485,9724
708356463048204288,3476,1272
708349470027751425,2290,715
708149363256774660,4180,1506
708130923141795840,3290,826
708119489313951744,2620,949
708109389455101952,1895,536
708026248782585858,4275,1865
707995814724026368,3042,1092
707983188426153984,48,2
707969809498152960,2620,931
707776935007539200,3179,925
707741517457260545,2415,590
707738799544082433,3972,2383
707693576495472641,3304,957
707629649552134146,2497,837
707610948723478529,16490,6129
707420581654872064,2195,672
707411934438625280,2234,580
707387676719185920,3396,1237
707377100785885184,3183,1055
707315916783140866,2408,617
707297311098011648,2705,757
707059547140169728,2526,652
707038192327901184,2126,760
707021089608753152,3972,1308
707014260413456384,2253,581
706904523814649856,14138,7607
706901761596989440,1992,566
706681918348251136,3207,946
706644897839910912,2497,1054
706593038911545345,2096,611
706538006853918722,3377,1384
706516534877929472,3033,1001
706346369204748288,3358,899
706310011488698368,20671,7650
706291001778950144,1660,463
706265994973601792,2664,902
706169069255446529,3796,2139
706166467411222528,5008,1553
706153300320784384,1439,373
705975130514706432,3016,707
705970349788291072,3094,868
705898680587526145,2302,534
705786532653883392,1877,500
705591895322394625,3086,1112
705475953783398401,2881,881
705442520700944385,4294,1567
705428427625635840,3698,1619
705239209544720384,2908,732
705223444686888960,2523,775
705102439679201280,2083,502
705066031337840642,2132,598
704871453724954624,4162,1089
704859558691414016,2187,520
704847917308362754,4928,1470
704819833553219584,2567,950
704761120771465216,6458,2831
704499785726889984,2832,983
704491224099647488,729,75
704480331685040129,3297,1035
704364645503647744,7768,3442
704347321748819968,1532,339
704134088924532736,1467,441
704113298707505153,1806,556
704054845121142784,2839,890
703774238772166656,1788,441
703769065844768768,3179,1103
703631701117943808,2502,655
703611486317502464,3727,1482
703425003149250560,3699,1322
703407252292673536,2365,673
703382836347330562,3411,1109
703356393781329922,1861,373
703268521220972544,1928,527
703079050210877440,7191,2980
703041949650034688,25585,12053
702932127499816960,2515,697
702899151802126337,1569,438
702684942141153280,3142,1033
702671118226825216,2135,543
702598099714314240,11903,3334
702539513671897089,2801,926
702332542343577600,3090,1501
702321140488925184,3189,1013
702276748847800320,2405,751
702217446468493312,4656,1301
701981390485725185,3344,956
701952816642965504,3740,993
701889187134500865,3447,1343
701805642395348998,3321,1616
701601587219795968,2035,439
701570477911896070,2737,901
701545186879471618,2588,591
701214700881756160,11870,4927
700890391244103680,2158,548
700864154249383937,2527,605
700847567345688576,2393,485
700796979434098688,2369,907
700747788515020802,22185,8978
700518061187723268,2538,770
700505138482569216,2230,549
700462010979500032,4005,1721
700167517596164096,2563,709
700151421916807169,2183,650
700143752053182464,7317,2618
700062718104104960,2577,665
700029284593901568,2019,570
700002074055016451,3218,1297
699801817392291840,2956,919
699788877217865730,2173,496
699779630832685056,2662,1194
699775878809702401,1905,583
699691744225525762,10015,4456
699446877801091073,5789,2536
699434518667751424,2113,498
699423671849451520,1321,310
699413908797464576,2031,609
699370870310113280,1846,425
699323444782047232,3068,837
699088579889332224,2188,610
699079609774645248,2378,630
699072405256409088,2897,1149
699060279947165696,3640,1743
699036661657767936,2539,1168
698989035503689728,3257,945
698953797952008193,2607,885
698907974262222848,2468,603
698710712454139905,2402,659
698703483621523456,1413,361
698635131305795584,1260,333
698549713696649216,2256,604
698355670425473025,1803,432
698342080612007937,2211,933
698262614669991936,4642,1935
698195409219559425,16331,5782
698178924120031232,2735,718
697995514407682048,1481,326
697990423684476929,3194,1252
697943111201378304,2327,655
697881462549430272,2935,1127
697630435728322560,1701,526
697616773278015490,3068,981
697596423848730625,2930,1225
697575480820686848,1989,485
697516214579523584,1997,1077
697482927769255936,2352,647
697463031882764288,3333,1363
697270446429966336,4581,1821
697259378236399616,3208,974
697255105972801536,2982,1118
697242256848379904,2456,645
696900204696625153,3083,994
696894894812565505,2276,664
696886256886657024,4719,1740
696877980375769088,2382,687
696754882863349760,1442,352
696744641916489729,2016,902
696713835009417216,2312,627
696518437233913856,3808,1663
696490539101908992,1185,138
696488710901260288,2449,991
696405997980676096,3114,1123
696100768806522880,1876,631
695816827381944320,2933,1123
695794761660297217,3076,746
695767669421768709,1810,716
695629776980148225,4453,2029
695446424020918272,4285,1759
695409464418041856,8447,3470
695314793360662529,3531,1406
695095422348574720,2565,595
695074328191332352,2768,1063
695064344191721472,1558,574
695051054296211456,2588,769
694925794720792577,2624,888
694905863685980160,2669,909
694669722378485760,34884,13902
694356675654983680,1467,279
694352839993344000,1981,594
694342028726001664,1542,473
694329668942569472,1940,487
694206574471057408,4049,1977
694183373896572928,2867,899
694001791655137281,3316,991
693993230313091072,1827,391
693942351086120961,1701,355
693647888581312512,2616,564
693644216740769793,1315,119
693642232151285760,2470,398
693629975228977152,2382,771
693622659251335168,1498,361
693590843962331137,4910,1893
693582294167244802,1602,238
693486665285931008,1725,613
693280720173801472,3262,1203
693267061318012928,2317,790
693262851218264065,2150,482
693231807727280129,2795,719
693155686491000832,7680,3115
693109034023534592,1664,591
693095443459342336,1807,442
692919143163629568,2609,731
692905862751522816,2357,845
692901601640583168,1711,583
692894228850999298,2203,769
692828166163931137,2796,862
692752401762250755,6622,3529
692568918515392513,4239,1483
692535307825213440,3070,1317
692530551048294401,1782,399
692423280028966913,1436,220
692417313023332352,9126,3353
692187005137076224,2467,789
692158366030913536,2092,764
692142790915014657,1606,379
692041934689402880,3310,1226
692017291282812928,2813,925
691820333922455552,3860,1598
691793053716221953,7928,4097
691756958957883396,2764,962
691675652215414786,1901,493
691483041324204033,2325,543
691459709405118465,3934,1103
691444869282295808,2573,823
691416866452082688,18813,7397
691321916024623104,2506,639
691096613310316544,2886,854
691090071332753408,1677,325
690989312272396288,5742,2780
690959652130045952,3478,1207
690938899477221376,3986,1887
690932576555528194,3194,983
690735892932222976,3687,1225
690728923253055490,2117,501
690690673629138944,2260,798
690649993829576704,1262,266
690607260360429569,291,17
690597161306841088,1900,583
690400367696297985,1836,433
690374419777196032,3165,817
690360449368465409,2592,855
690348396616552449,1465,498
690248561355657216,1634,403
690021994562220032,2719,995
690015576308211712,2423,712
690005060500217858,3567,1625
689999384604450816,1375,354
689993469801164801,1416,432
689977555533848577,1335,433
689905486972461056,2382,677
689877686181715968,2954,1122
689835978131935233,2107,724
689661964914655233,3142,905
689659372465688576,10089,3729
689623661272240129,2167,622
689599056876867584,11335,5334
689557536375177216,1994,442
689517482558820352,3307,1388
689289219123089408,2195,903
689283819090870273,3172,1061
689280876073582592,1930,683
689275259254616065,1113,236
689255633275777024,2489,1049
689154315265683456,3001,960
689143371370250240,1962,488
688916208532455424,2641,834
688908934925697024,2053,739
688898160958271489,2037,756
688894073864884227,2184,662
688828561667567616,1348,357
688804835492233216,943,184
688789766343622656,2157,640
688547210804498433,2527,675
688519176466644993,2260,708
688385280030670848,9036,4330
688211956440801280,2180,802
688179443353796608,2075,566
688116655151435777,2753,748
688064179421470721,1692,351
687841446767013888,5322,2421
687826841265172480,2674,1087
687818504314159109,2414,924
687807801670897665,2329,693
687732144991551489,1710,641
687704180304273409,2373,817
687664829264453632,1886,493
687494652870668288,1844,559
687480748861947905,1562,232
687476254459715584,1929,516
687460506001633280,2009,530
687399393394311168,1842,599
687317306314240000,19614,8878
687312378585812992,4246,1837
687127927494963200,5289,2200
687124485711986689,2124,490
687109925361856513,5647,2377
687102708889812993,2284,941
687096057537363968,2179,589
686947101016735744,8411,3089
686760001961103360,3427,1341
686749460672679938,3394,1408
686730991906516992,4030,1161
686683045143953408,2752,779
686618349602762752,3603,1318
686606069955735556,1839,526
686394059078897668,1695,668
686386521809772549,3176,855
686377065986265092,2144,550
686358356425093120,2125,644
686286779679375361,3907,1617
686050296934563840,2165,706
686035780142297088,1115,112
686034024800862208,2991,1108
686007916130873345,2415,399
686003207160610816,1783,602
685973236358713344,2039,505
685943807276412928,1585,575
685906723014619143,7287,2772
685681090388975616,1976,118
685667379192414208,2293,546
685663452032069632,3142,1412
685641971164143616,2854,753
685547936038666240,32009,15068
685532292383666176,2940,1118
685325112850124800,9178,3832
685321586178670592,2575,607
685315239903100929,3207,1008
685307451701334016,2021,421
685268753634967552,3017,1161
685198997565345792,2274,648
685169283572338688,4005,1388
684969860808454144,2328,356
684959798585110529,6625,3026
684940049151070208,3123,1007
684926975086034944,3396,450
684914660081053696,3404,1408
684902183876321280,1815,509
684880619965411328,2027,781
684830982659280897,34087,20970
684800227459624960,2656,972
684594889858887680,8658,3393
684588130326986752,4002,1369
684567543613382656,2925,1171
684538444857667585,2586,919
684481074559381504,3779,1136
684460069371654144,1923,542
684241637099323392,7897,3157
684225744407494656,1201,199
684222868335505415,3727,1315
684200372118904832,2093,1006
684195085588783105,1851,491
684188786104872960,3399,1127
684177701129875456,1961,642
684147889187209216,2918,1473
684122891630342144,1953,455
684097758874210310,3993,1391
683857920510050305,3702,1083
683852578183077888,1887,334
683849932751646720,2544,921
683834909291606017,2553,1080
683828599284170753,2720,1030
683773439333797890,3250,1299
683742671509258241,6287,3195
683515932363329536,7133,2788
683498322573824003,3088,936
683481228088049664,2597,968
683462770029932544,2357,650
683449695444799489,3769,1559
683391852557561860,7432,2329
683357973142474752,2816,887
683142553609318400,2794,1006
683111407806746624,3312,881
683098815881154561,2115,633
683078886620553216,1946,546
683030066213818368,2110,719
682962037429899265,35696,15889
682808988178739200,1729,161
682788441537560576,2408,1074
682750546109968385,1483,420
682697186228989953,1281,350
682662431982772225,2973,1040
682638830361513985,2013,576
682429480204398592,3339,1115
682406705142087680,7348,1693
682393905736888321,2172,642
682389078323662849,1614,450
682303737705140231,2967,943
682259524040966145,4018,1151
682242692827447297,3138,1112
682088079302213632,17710,9511
682059653698686977,4801,1615
682047327939461121,3108,909
682032003584274432,6402,1922
682003177596559360,3029,1461
681981167097122816,2736,998
681891461017812993,2400,784
681694085539872773,12455,3923
681679526984871937,1715,426
681654059175129088,2564,886
681610798867845120,1839,448
681579835668455424,3441,1254
681523177663676416,13868,5554
681340665377193984,1601,269
681339448655802368,9032,3946
681320187870711809,2566,714
681302363064414209,3815,1749
681297372102656000,3123,913
681281657291280384,3143,1060
681261549936340994,1415,260
681242418453299201,1439,509
681231109724700672,2342,467
681193455364796417,3589,1422
680970795137544192,2341,630
680959110691590145,4452,1938
680940246314430465,3097,1006
680934982542561280,2036,419
680913438424612864,2340,598
680889648562991104,1710,354
680836378243002368,3356,1269
680805554198020098,2088,643
680801747103793152,2316,793
680798457301471234,2761,996
680609293079592961,2547,670
680583894916304897,3514,1279
680497766108381184,4116,1838
680494726643068929,1674,470
680473011644985345,2475,725
680440374763077632,1409,481
680221482581123072,1429,284
680206703334408192,2745,1119
680191257256136705,2083,480
680176173301628928,3782,1484
680161097740095489,2256,711
680145970311643136,3493,1685
680130881361686529,2227,906
680115823365742593,2646,869
680100725817409536,3481,1320
680085611152338944,12433,8667
680070545539371008,2506,827
679877062409191424,1923,627
679872969355714560,2133,644
679862121895714818,2384,592
679854723806179328,2769,1179
679844490799091713,2294,732
679828447187857408,35095,13482
679777920601223168,3016,1055
679736210798047232,2031,760
679729593985699840,2099,796
679722016581222400,1616,451
679530280114372609,4626,2007
679527802031484928,2554,696
679511351870550016,3258,1216
679503373272485890,3072,1410
679475951516934144,2030,617
679462823135686656,30501,18042
679405845277462528,2291,1153
679158373988876288,20563,7716
679148763231985668,2693,989
679132435750195208,2884,1112
679111216690831360,5782,2481
679062614270468097,16371,7725
679047485189439488,2170,635
679001094530465792,2744,1173
678991772295516161,2210,1105
678969228704284672,1580,435
678800283649069056,2482,859
678798276842360832,3340,1106
678774928607469569,2714,866
678767140346941444,3409,1303
678764513869611008,1580,447
678755239630127104,6842,3136
678740035362037760,3621,1587
678708137298427904,5394,2322
678675843183484930,2762,1396
678643457146150913,1977,384
678446151570427904,3865,1462
678424312106393600,5278,2433
678410210315247616,4050,1723
678399652199309312,77305,30486
678396796259975168,1541,397
678389028614488064,1798,402
678380236862578688,2345,864
678341075375947776,1666,511
678334497360859136,1252,236
678278586130948096,11007,5835
678255464182861824,1532,349
678023323247357953,1842,362
678021115718029313,13112,6043
677961670166224897,3292,1611
677918531514703872,1288,388
677895101218201600,4626,1975
677716515794329600,2932,937
677700003327029250,3261,1384
677698403548192770,1185,306
677687604918272002,2405,804
677673981332312066,3203,1436
677662372920729601,1873,903
677644091929329666,1787,771
677573743309385728,2052,669
677565715327688705,1253,438
677557565589463040,2357,1103
677547928504967168,6665,3502
677530072887205888,1027,218
677335745548390400,2925,1678
677334615166730240,1291,270
677331501395156992,1045,224
677328882937298944,3514,1434
677314812125323265,1583,510
677301033169788928,1181,385
677269281705472000,1897,674
677228873407442944,3415,1562
677187300187611136,2618,871
676975532580409345,2654,1018
676957860086095872,2148,772
676949632774234114,1253,375
676948236477857792,2064,819
676946864479084545,1664,348
676942428000112642,1986,711
676936541936185344,12220,4720
676916996760600576,2852,1723
676897532954456065,2154,693
676864501615042560,2002,668
676821958043033607,21945,14793
676819651066732545,1742,632
676811746707918848,1371,407
676776431406465024,4793,1931
676617503762681856,2758,909
676613908052996102,1036,191
676606785097199616,1816,413
676603393314578432,1111,363
676593408224403456,4373,2049
676590572941893632,879,116
676588346097852417,2206,743
676582956622721024,1142,261
676575501977128964,2465,1063
676533798876651520,1801,521
676496375194980353,1463,508
676470639084101634,11126,4447
676440007570247681,1653,627
676430933382295552,1340,321
676263575653122048,1997,513
676237365392908289,1153,268
676219687039057920,73218,29475
676215927814406144,1658,546
676191832485810177,2181,983
676146341966438401,1842,631
676121918416756736,2069,1106
676101918813499392,2710,1114
676098748976615425,2860,1344
676089483918516224,1252,415
675898130735476737,1535,538
675891555769696257,2024,812
675888385639251968,2272,905
675878199931371520,3985,1325
675870721063669760,1556,533
675853064436391936,2568,1217
675849018447167488,901,134
675845657354215424,2158,829
675822767435051008,1449,511
675820929667219457,1000,224
675798442703122432,9775,3248
675781562965868544,1544,445
675740360753160193,1113,322
675710890956750848,1793,770
675707330206547968,1883,641
675706639471788032,616,90
675534494439489536,1752,387
675531475945709568,1122,361
675522403582218240,987,272
675517828909424640,1232,439
675501075957489664,16339,5534
675497103322386432,2989,1217
675489971617296384,1230,563
675483430902214656,1759,923
675432746517426176,1446,541
675372240448454658,1605,490
675362609739206656,1006,215
675354435921575936,30911,15827
675349384339542016,3738,2146
675334060156301312,2634,1212
675166823650848770,3377,1493
675153376133427200,5925,2423
675149409102012420,3550,1596
675147105808306176,896,218
675146535592706048,1118,276
675145476954566656,2035,842
675135153782571009,1237,446
675113801096802304,1848,742
675111688094527488,909,237
675109292475830276,2661,1060
675047298674663426,1003,301
675015141583413248,2554,1111
675006312288268288,927,209
675003128568291329,1484,436
674999807681908736,2125,1041
674805413498527744,812,338
674800520222154752,2864,806
674793399141146624,2372,1026
674790488185167872,1044,235
674788554665512960,770,196
674781762103414784,1909,1122
674774481756377088,1047,445
674767892831932416,1722,730
674764817387900928,752,222
674754018082705410,1295,412
674752233200820224,1381,434
674743008475090944,1318,513
674742531037511680,460,49
674739953134403584,1043,362
674737130913071104,612,81
674690135443775488,1090,446
674670581682434048,1527,610
674664755118911488,864,230
674646392044941312,1361,457
674644256330530816,985,256
674638615994089473,1599,551
674632714662858753,1424,541
674606911342424069,888,93
674468880899788800,5909,1901
674447403907457024,1008,338
674436901579923456,1052,366
674422304705744896,1356,504
674416750885273600,656,130
674410619106390016,1140,434
674394782723014656,1434,535
674372068062928900,808,299
674330906434379776,539,71
674318007229923329,1337,486
674307341513269249,10753,6508
674291837063053312,13885,5481
674271431610523648,1472,684
674269164442398721,865,214
674265582246694913,1544,791
674262580978937856,1244,423
674255168825880576,1383,511
674082852460433408,720,156
674075285688614912,937,267
674063288070742018,6022,2041
674053186244734976,3119,1208
674051556661161984,1377,461
674045139690631169,1328,600
674042553264685056,685,118
674038233588723717,1044,397
674036086168010753,809,192
674024893172875264,1678,1146
674019345211760640,1068,285
674014384960745472,1475,600
674008982932058114,1132,332
673956914389192708,1847,898
673919437611909120,1110,349
673906403526995968,2998,1537
673887867907739649,887,239
673716320723169284,2917,704
673715861853720576,3338,1927
673711475735838725,985,281
673709992831262724,794,247
673708611235921920,1017,267
673707060090052608,1042,366
673705679337693185,1190,383
673700254269775872,1350,530
673697980713705472,3737,1830
673689733134946305,1643,606
673688752737402881,1187,460
673686845050527744,1352,404
673680198160809984,1293,434
673662677122719744,1187,344
673656262056419329,681,221
673636718965334016,1040,337
673612854080196609,1506,671
673583129559498752,1130,336
673580926094458881,781,254
673576835670777856,1307,525
673363615379013632,971,283
673359818736984064,1360,628
673355879178194945,1417,534
673352124999274496,1576,507
673350198937153538,714,195
673345638550134785,2361,1175
673343217010679808,916,251
673342308415348736,1200,534
673320132811366400,12674,7324
673317986296586240,832,235
673295268553605120,7081,2945
673270968295534593,1014,338
673240798075449344,1346,662
673213039743795200,2100,780
673148804208660480,1601,583
672997845381865473,1860,665
672995267319328768,892,269
672988786805112832,922,268
672984142909456390,1187,509
672980819271634944,1709,944
672975131468300288,1577,841
672970152493887488,891,333
672968025906282496,1254,500
672964561327235073,1341,602
672902681409806336,1289,461
672898206762672129,851,394
672884426393653248,1443,787
672877615439593473,971,328
672834301050937345,1234,533
672828477930868736,1179,458
672640509974827008,922,295
672622327801233409,1216,450
672614745925664768,1152,542
672609152938721280,1041,360
672604026190569472,1043,373
672594978741354496,1254,570
672591762242805761,896,310
672591271085670400,676,174
672538107540070400,960,340
672523490734551040,592,156
672488522314567680,1046,404
672482722825261057,1061,556
672481316919734272,678,120
672475084225949696,1365,651
672466075045466113,1277,490
672272411274932228,6044,3120
672267570918129665,1396,570
672264251789176834,1064,309
672256522047614977,2660,1424
672254177670729728,1350,694
672248013293752320,1629,559
672245253877968896,643,143
672239279297454080,846,302
672231046314901505,1710,938
672222792075620352,743,194
672205392827572224,2115,1066
672169685991993344,962,342
672160042234327040,828,333
672139350159835138,1638,647
672125275208069120,2252,1069
672095186491711488,933,341
672082170312290304,890,341
672068090318987265,1214,473
671896809300709376,8010,3885
671891728106971137,1232,528
671882082306625538,3267,1293
671879137494245376,1331,615
671874878652489728,1184,514
671866342182637568,1057,454
671855973984772097,847,403
671789708968640512,6647,3216
671768281401958400,1122,458
671763349865160704,1572,836
671744970634719232,1271,711
671743150407421952,708,222
671735591348891648,1359,699
671729906628341761,7992,4038
671561002136281088,12012,6723
671550332464455680,853,194
671547767500775424,1265,546
671544874165002241,1842,968
671542985629241344,1028,525
671538301157904385,876,355
671536543010570240,1108,372
671533943490011136,961,536
671528761649688577,790,239
671520732782923777,1314,491
671518598289059840,888,272
671511350426865664,1491,651
671504605491109889,6568,3314
671497587707535361,864,418
671488513339211776,938,444
671486386088865792,543,182
671485057807351808,716,218
671390180817915904,1353,691
671362598324076544,1042,275
671357843010908160,376,146
671355857343524864,456,112
671347597085433856,894,394
671186162933985280,687,193
671182547775299584,1048,313
671166507850801152,818,317
671163268581498880,1543,1021
671159727754231808,341,74
671154572044468225,665,205
671151324042559489,624,140
671147085991960577,622,200
671141549288370177,1086,605
671138694582165504,864,371
671134062904504320,696,176
671122204919246848,3262,2331
671115716440031232,1281,721
671109016219725825,1072,403
670995969505435648,1040,268
670842764863651840,23187,8066
670840546554966016,548,180
670838202509447168,1044,643
670833812859932673,409,113
670832455012716544,686,198
670826280409919488,5168,3770
670823764196741120,729,173
670822709593571328,570,89
670815497391357952,2970,1428
670811965569282048,1061,248
670807719151067136,1095,455
670804601705242624,1838,889
670803562457407488,322,83
670797304698376195,692,216
670792680469889025,779,256
670789397210615808,621,222
670786190031921152,559,183
670783437142401025,780,352
670782429121134593,1442,711
670780561024270336,745,267
670778058496974848,314,69
670764103623966721,1020,391
670755717859713024,412,98
670733412878163972,900,474
670727704916926465,784,329
670717338665226240,1115,445
670704688707301377,726,345
670691627984359425,554,223
670679630144274432,706,259
670676092097810432,230,38
670668383499735048,10019,4619
670474236058800128,1418,686
670468609693655041,337,82
670465786746662913,913,505
670452855871037440,516,189
670449342516494336,1134,601
670444955656130560,6331,1844
670442337873600512,608,186
670435821946826752,995,478
670434127938719744,1330,598
670433248821026816,312,103
670428280563085312,1305,572
670427002554466305,493,148
670421925039075328,1230,591
670420569653809152,579,291
670417414769758208,538,302
670411370698022913,1893,825
670408998013820928,523,204
670403879788544000,403,141
670385711116361728,527,191
670374371102445568,704,250
670361874861563904,310,60
670338931251150849,401,101
670319130621435904,3664,1131
670303360680108032,409,121
670290420111441920,653,266
670093938074779648,964,306
670086499208155136,656,231
670079681849372674,2080,1134
670073503555706880,1467,730
670069087419133954,583,220
670061506722140161,711,308
670055038660800512,625,301
670046952931721218,609,159
670040295598354432,706,104
670037189829525505,559,255
670003130994700288,314,84
669993076832759809,305,75
669972011175813120,415,142
669970042633789440,284,51
669942763794931712,472,146
669926384437997569,355,89
669923323644657664,222,53
669753178989142016,753,368
669749430875258880,244,61
669684865554620416,477,82
669683899023405056,356,102
669682095984410625,331,125
669680153564442624,629,266
669661792646373376,760,396
669625907762618368,3302,1681
669603084620980224,894,336
669597912108789760,483,140
669583744538451968,1397,858
669573570759163904,409,129
669571471778410496,1488,940
669567591774625800,220,48
669564461267722241,368,112
669393256313184256,337,69
669375718304980992,1241,675
669371483794317312,461,165
669367896104181761,429,140
669363888236994561,585,211
669359674819481600,348,112
669354382627049472,2528,1183
669353438988365824,588,241
669351434509529089,403,168
669328503091937280,953,385
669327207240699904,538,113
669324657376567296,460,193
669216679721873412,1116,377
669214165781868544,408,149
669203728096960512,942,434
669037058363662336,611,288
669015743032369152,696,346
669006782128353280,543,225
669000397445533696,19620,5896
668994913074286592,413,208
668992363537309700,699,314
668989615043424256,630,307
668988183816871936,845,426
668986018524233728,514,151
668981893510119424,502,277
668979806671884288,746,323
668975677807423489,1225,538
668967877119254528,135,21
668960084974809088,658,225
668955713004314625,258,65
668932921458302977,243,53
668902994700836864,298,92
668892474547511297,376,136
668872652652679168,494,279
668852170888998912,424,148
668826086256599040,405,124
668815180734689280,522,242
668779399630725120,671,343
668655139528511488,489,203
668645506898350081,812,488
668643542311546881,811,480
668641109086707712,1000,501
668636665813057536,968,459
668633411083464705,2614,1476
668631377374486528,662,293
668627278264475648,291,101
668625577880875008,356,120
668623201287675904,1326,692
668620235289837568,186,37
668614819948453888,578,296
668587383441514497,1567,990
668567822092664832,223,49
668544745690562560,480,212
668542336805281792,425,195
668537837512433665,238,66
668528771708952576,435,204
668507509523615744,303,95
668496999348633600,378,120
668484198282485761,394,217
668480044826800133,425,133
668466899341221888,828,471
668297328638447616,585,274
668291999406125056,228,29
668286279830867968,472,126
668274247790391296,769,217
668268907921326080,517,214
668256321989451776,1209,550
668248472370458624,896,437
668237644992782336,5789,2618
668226093875376128,273,94
668221241640230912,482,182
668204964695683073,525,182
668190681446379520,608,186
668171859951755264,455,175
668154635664932864,466,288
668142349051129856,542,259
668113020489474048,627,218
667937095915278337,1166,737
667924896115245057,277,99
667915453470232577,197,51
667911425562669056,459,271
667902449697558528,805,351
667886921285246976,1747,991
667885044254572545,773,431
667878741721415682,372,108
667873844930215936,584,375
667866724293877760,2853,957
667861340749471744,230,74
667832474953625600,274,57
667806454573760512,987,452
667801013445750784,306,87
667793409583771648,654,308
667782464991965184,386,227
667773195014021121,218,48
667766675769573376,408,201
667728196545200128,356,143
667724302356258817,448,292
667550904950915073,0,31
667550882905632768,0,27
667549055577362432,5382,2083
667546741521195010,318,115
667544320556335104,806,490
667538891197542400,191,60
667534815156183040,764,485
667530908589760512,436,219
667524857454854144,1589,1038
667517642048163840,344,177
667509364010450944,6361,1967
667502640335572993,508,204
667495797102141441,487,245
667491009379606528,483,207
667470559035432960,235,89
667455448082227200,179,56
667453023279554560,291,81
667443425659232256,725,534
667437278097252352,420,217
667435689202614272,286,79
667405339315146752,433,206
667393430834667520,179,51
667369227918143488,340,151
667211855547486208,450,221
667200525029539841,570,240
667192066997374976,356,90
667188689915760640,692,364
667182792070062081,13313,5659
667177989038297088,178,50
667176164155375616,568,418
667174963120574464,230,72
667171260800061440,203,77
667165590075940865,2504,1035
667160273090932737,238,56
667152164079423490,44467,15512
667138269671505920,4257,2005
667119796878725120,311,121
667090893657276420,312,115
667073648344346624,375,109
667070482143944705,77,13
667065535570550784,158,41
667062181243039745,205,47
667044094246576128,175,44
667012601033924608,420,202
666996132027977728,226,81
666983947667116034,2370,898
666837028449972224,752,507
666835007768551424,195,72
666826780179869698,238,83
666817836334096384,472,230
666804364988780544,216,84
666786068205871104,699,441
666781792255496192,358,175
666776908487630848,323,156
666739327293083650,220,60
666701168228331520,396,195
666691418707132416,171,44
666649482315059201,1037,568
666644823164719104,219,73
666454714377183233,474,196
666447344410484738,94,18
666437273139982337,112,42
666435652385423360,150,45
666430724426358785,289,173
666428276349472768,150,73
666421158376562688,293,101
666418789513326592,112,41
666411507551481857,397,286
666407126856765440,98,31
666396247373291520,155,73
666373753744588802,169,78
666362758909284353,702,502
666353288456101888,193,64
666345417576210432,267,128
666337882303524864,179,81
666293911632134144,451,312
666287406224695296,131,57
666273097616637952,157,70
666268910803644416,94,32
666104133288665088,13298,5813
666102155909144576,69,11
666099513787052032,140,57
666094000022159362,153,66
666082916733198337,101,41
666073100786774016,286,141
666071193221509120,135,52
666063827256086533,439,191
666058600524156928,104,51
666057090499244032,263,120
666055525042405380,404,214
666051853826850816,1098,752
666050758794694657,122,51
666049248165822465,96,39
666044226329800704,265,124
666033412701032449,109,39
666029285002620928,119,41
666020888022790149,2354,448
